[gd_scene load_steps=9 format=3 uid="uid://c3y507dfyo70v"]

[ext_resource type="Script" path="res://scripts/components/multimesh_merger.gd" id="1_merger"]
[ext_resource type="PackedScene" uid="uid://cpf25bfgggwkp" path="res://assets/models/machines/popcorn/popcorn_bucket.glb" id="bucket"]
[ext_resource type="PackedScene" uid="uid://dv46twtchqi1e" path="res://scenes/menu/film_instance.tscn" id="film_instance"]
[ext_resource type="PackedScene" path="res://scenes/menu/glasses_instance.tscn" id="glasses"]
[ext_resource type="PackedScene" uid="uid://8wgnokm1evn" path="res://scenes/menu/popcorn_instance.tscn" id="popcorn_instance"]
[ext_resource type="PackedScene" uid="uid://dynsoq28pbps1" path="res://scenes/menu/soda_instance.tscn" id="soda_instance"]

[sub_resource type="BoxMesh" id="box_area"]
size = Vector3(8, 8, 8)

[sub_resource type="StandardMaterial3D" id="mat_area"]
transparency = 1
albedo_color = Color(0, 1, 0, 0.2)

[node name="ObjetosMenu" type="Node3D" unique_id=51713159]
transform = Transform3D(1, 0, 0, 0, 1, 0, 0, 0, 1, 0, 2.0479536, -2.5661106)

[node name="CameraPreview" type="Camera3D" parent="." unique_id=695243719]
transform = Transform3D(1, 0, 0, 0, 1, 0, 0, 0, 1, 0, -2.0070736, 6.065033)
fov = 57.242428

[node name="AreaObjetos" type="Node3D" parent="." unique_id=1033288388]
transform = Transform3D(0.4051724, 0, 0, 0, 0.40027615, 0, 0, 0, 0.40162987, 0, -2.027205, 2.5606358)

[node name="AreaVisual" type="MeshInstance3D" parent="AreaObjetos" unique_id=1047134070]
visible = false
mesh = SubResource("box_area")
surface_material_override/0 = SubResource("mat_area")

[node name="Popcorns" type="Node3D" parent="AreaObjetos" unique_id=904438012]
script = ExtResource("1_merger")

[node name="Popcorn_1" parent="AreaObjetos/Popcorns" unique_id=1235047400 instance=ExtResource("popcorn_instance")]
transform = Transform3D(-0.40958703, -0.42208472, 0.8087539, -0.63709563, 0.76687115, 0.07757426, -0.652953, -0.48348022, -0.5830088, 1.00697, -3.1186, 0.138866)

[node name="Popcorn_2" parent="AreaObjetos/Popcorns" unique_id=1645061321 instance=ExtResource("popcorn_instance")]
transform = Transform3D(0.83388954, 0.55135554, 0.025203336, -0.548784, 0.8233999, 0.14439079, 0.058858242, -0.13423716, 0.9891997, -1.295776, -0.902821, 1.330509)

[node name="Popcorn_3" parent="AreaObjetos/Popcorns" unique_id=1089972113 instance=ExtResource("popcorn_instance")]
transform = Transform3D(0.5929523, 0.48600113, -0.64203626, 0.249733, -0.86900115, -0.42716557, -0.7655332, 0.09295116, -0.63664675, 0.288093, -2.086142, 0.098386)

[node name="Popcorn_4" parent="AreaObjetos/Popcorns" unique_id=1336282813 instance=ExtResource("popcorn_instance")]
transform = Transform3D(-0.60566527, -0.2668743, 0.7496317, -0.6253588, 0.74217707, -0.24103852, -0.49203253, -0.61477745, -0.61640304, 2.537948, -3.891858, -1.353632)

[node name="Popcorn_5" parent="AreaObjetos/Popcorns" unique_id=1960289634 instance=ExtResource("popcorn_instance")]
transform = Transform3D(0.5207192, -0.8071882, 0.27802658, -0.53214484, -0.052223384, 0.8450412, -0.6675878, -0.5879795, -0.45673475, 3.451461, -0.04494, -0.880094)

[node name="Popcorn_6" parent="AreaObjetos/Popcorns" unique_id=1416208362 instance=ExtResource("popcorn_instance")]
transform = Transform3D(0.60647386, 0.08285643, 0.7907745, -0.7949344, 0.08369345, 0.6008949, -0.016394638, -0.9930409, 0.11662333, 3.020585, 3.81568, 3.349052)

[node name="Popcorn_7" parent="AreaObjetos/Popcorns" unique_id=1357534252 instance=ExtResource("popcorn_instance")]
transform = Transform3D(-0.4315983, 0.109737515, -0.89536613, -0.09361591, 0.98176444, 0.16545282, 0.8971951, 0.15522969, -0.41345468, 1.394876, -0.460352, -3.139075)

[node name="Popcorn_8" parent="AreaObjetos/Popcorns" unique_id=70602189 instance=ExtResource("popcorn_instance")]
transform = Transform3D(-0.9360984, -0.027121723, -0.350691, -0.3489749, 0.19634259, 0.91633296, 0.04400304, 0.98016024, -0.19326077, 1.335159, 2.420766, -0.340755)

[node name="Popcorn_9" parent="AreaObjetos/Popcorns" unique_id=1286636226 instance=ExtResource("popcorn_instance")]
transform = Transform3D(0.47394907, -0.7551694, -0.45287025, -0.6119208, 0.08736148, -0.78607947, 0.6331865, 0.6496824, -0.42069894, -3.249714, 3.374813, 2.782313)

[node name="Popcorn_10" parent="AreaObjetos/Popcorns" unique_id=1614652695 instance=ExtResource("popcorn_instance")]
transform = Transform3D(-0.691376, 0.6983727, 0.18513453, -0.13702989, 0.1248426, -0.9826684, -0.70938146, -0.7047623, 0.009384757, 3.779457, -1.140224, -1.4782)

[node name="Popcorn_11" parent="AreaObjetos/Popcorns" unique_id=1144789897 instance=ExtResource("popcorn_instance")]
transform = Transform3D(-0.46050042, 0.8734414, 0.15823847, 0.5642498, 0.4256481, -0.70742196, -0.6852456, -0.2364821, -0.6888503, 3.972471, -0.284729, -1.99994)

[node name="Popcorn_12" parent="AreaObjetos/Popcorns" unique_id=281094886 instance=ExtResource("popcorn_instance")]
transform = Transform3D(-0.8088476, -0.53536, -0.24321854, 0.23556791, 0.083964966, -0.968224, 0.5387702, -0.8404401, 0.05819876, -3.372662, 2.56879, -2.006832)

[node name="Popcorn_13" parent="AreaObjetos/Popcorns" unique_id=1891696739 instance=ExtResource("popcorn_instance")]
transform = Transform3D(0.00092041166, -0.38456628, 0.92309695, -0.9998089, 0.01767212, 0.008359184, -0.01952774, -0.9229282, -0.3844765, 3.065833, -0.204142, -1.718443)

[node name="Popcorn_14" parent="AreaObjetos/Popcorns" unique_id=821344658 instance=ExtResource("popcorn_instance")]
transform = Transform3D(0.8013374, -0.022862073, -0.5977756, -0.06688012, 0.9895809, -0.12750171, 0.5944623, 0.1421512, 0.7914592, -2.403324, 0.42017, -1.873409)

[node name="Popcorn_15" parent="AreaObjetos/Popcorns" unique_id=37941875 instance=ExtResource("popcorn_instance")]
transform = Transform3D(0.45536497, 0.61794025, -0.64093107, -0.5152631, 0.7700016, 0.37629977, 0.72604865, 0.15889437, 0.6690335, -2.254298, 0.048772, -1.917366)

[node name="Popcorn_16" parent="AreaObjetos/Popcorns" unique_id=734670343 instance=ExtResource("popcorn_instance")]
transform = Transform3D(-0.20252845, -0.9371691, 0.28407112, -0.718402, -0.05494594, -0.6934548, 0.66549295, -0.34452155, -0.662136, -2.270183, 3.620495, -1.643947)

[node name="Popcorn_17" parent="AreaObjetos/Popcorns" unique_id=1924978980 instance=ExtResource("popcorn_instance")]
transform = Transform3D(0.6867144, 0.51241285, -0.5156126, 0.692412, -0.67705095, 0.24933405, -0.22133404, -0.5282377, -0.81974155, -0.485813, -0.0975, 3.089165)

[node name="Popcorn_18" parent="AreaObjetos/Popcorns" unique_id=1882472178 instance=ExtResource("popcorn_instance")]
transform = Transform3D(0.100905865, 0.99281, 0.064391136, -0.08889708, -0.05546524, 0.99449533, 0.9909164, -0.10607463, 0.082661144, 3.827364, 2.620819, -1.537566)

[node name="Popcorn_19" parent="AreaObjetos/Popcorns" unique_id=1668910266 instance=ExtResource("popcorn_instance")]
transform = Transform3D(0.5684412, 0.7770021, 0.27044857, 0.0039042758, -0.3312673, 0.9435289, 0.8227146, -0.5352848, -0.19133961, 0.630017, 0.041316, 3.299097)

[node name="Popcorn_20" parent="AreaObjetos/Popcorns" unique_id=1523702661 instance=ExtResource("popcorn_instance")]
transform = Transform3D(-0.8322389, -0.1742261, 0.52633035, -0.5537828, 0.21583182, -0.80420226, 0.026514202, -0.9607611, -0.27610707, 1.508338, 0.765872, 2.891692)

[node name="Popcorn_21" parent="AreaObjetos/Popcorns" unique_id=2038215639 instance=ExtResource("popcorn_instance")]
transform = Transform3D(-0.64682394, 0.6675507, 0.3687747, 0.43826312, 0.721094, -0.5366087, -0.6241347, -0.18547104, -0.7589838, -0.714477, -3.562084, 1.144516)

[node name="Popcorn_22" parent="AreaObjetos/Popcorns" unique_id=1790724117 instance=ExtResource("popcorn_instance")]
transform = Transform3D(-0.11920963, 0.9612972, 0.24838817, 0.6978781, 0.25907385, -0.6677177, -0.70622605, 0.093746275, -0.7017524, 1.132151, 3.879353, 1.302255)

[node name="Popcorn_23" parent="AreaObjetos/Popcorns" unique_id=414675335 instance=ExtResource("popcorn_instance")]
transform = Transform3D(-0.6666528, 0.73730797, 0.10932095, -0.6660953, -0.52348864, -0.5312972, -0.3345014, -0.42700896, 0.8401025, 3.781465, -2.210841, -2.491342)

[node name="Popcorn_24" parent="AreaObjetos/Popcorns" unique_id=2119138104 instance=ExtResource("popcorn_instance")]
transform = Transform3D(-0.93313956, -0.11738318, -0.33981133, 0.25989828, 0.4328167, -0.86320484, 0.24840173, -0.89380693, -0.3733707, -2.056746, -3.50584, -1.949548)

[node name="Popcorn_25" parent="AreaObjetos/Popcorns" unique_id=34684387 instance=ExtResource("popcorn_instance")]
transform = Transform3D(0.65140796, -0.7502217, -0.11329174, -0.13547206, 0.031912576, -0.9902671, 0.7465353, 0.66041577, -0.08084597, 1.036829, 2.806228, 0.429499)

[node name="Popcorn_26" parent="AreaObjetos/Popcorns" unique_id=1931437385 instance=ExtResource("popcorn_instance")]
transform = Transform3D(0.57205904, 0.67998856, 0.45865458, 0.54252803, 0.105689205, -0.8333625, -0.61515176, 0.7255655, -0.3084524, -2.201736, 1.562295, -3.219613)

[node name="Popcorn_27" parent="AreaObjetos/Popcorns" unique_id=1770891685 instance=ExtResource("popcorn_instance")]
transform = Transform3D(0.15260151, -0.9882562, -0.007899082, 0.5832054, 0.08359723, 0.8080117, -0.79786235, -0.1279106, 0.5891135, -1.708019, -2.472468, 1.322425)

[node name="Popcorn_28" parent="AreaObjetos/Popcorns" unique_id=1919965240 instance=ExtResource("popcorn_instance")]
transform = Transform3D(0.4401935, 0.8596381, -0.25932994, 0.31623128, -0.41873693, -0.85126793, -0.8403734, 0.2927144, -0.45616975, -3.160858, -0.370758, 1.825532)

[node name="Popcorn_29" parent="AreaObjetos/Popcorns" unique_id=1030788338 instance=ExtResource("popcorn_instance")]
transform = Transform3D(-0.78982794, 0.5845728, -0.18559694, 0.18133077, -0.06651364, -0.98117024, -0.5859102, -0.8086102, -0.0534667, -3.110756, -2.437098, -1.787718)

[node name="Popcorn_30" parent="AreaObjetos/Popcorns" unique_id=917590326 instance=ExtResource("popcorn_instance")]
transform = Transform3D(-0.8076047, 0.5897173, -0.0028536469, -0.3516386, -0.47766525, 0.80510014, 0.47341844, 0.6512061, 0.5931321, 2.923313, -3.801186, -2.670814)

[node name="Popcorn_31" parent="AreaObjetos/Popcorns" unique_id=2041328106 instance=ExtResource("popcorn_instance")]
transform = Transform3D(0.73345125, 0.51758975, 0.44062468, -0.6290074, 0.76253384, 0.15130015, -0.25767988, -0.3881275, 0.8848492, 3.60678, -2.477927, 2.952274)

[node name="Popcorn_32" parent="AreaObjetos/Popcorns" unique_id=927282840 instance=ExtResource("popcorn_instance")]
transform = Transform3D(-0.97838914, 0.17650929, -0.107699744, -0.20675799, -0.84125364, 0.4995432, -0.002428785, 0.5110154, 0.8595681, -1.928375, 1.481039, 2.055582)

[node name="Popcorn_33" parent="AreaObjetos/Popcorns" unique_id=825910236 instance=ExtResource("popcorn_instance")]
transform = Transform3D(0.60569435, 0.23237163, -0.761011, 0.22243905, -0.9677244, -0.11844981, -0.7639733, -0.09753417, -0.6378338, -0.295412, -1.511718, 1.354655)

[node name="Popcorn_34" parent="AreaObjetos/Popcorns" unique_id=865575741 instance=ExtResource("popcorn_instance")]
transform = Transform3D(0.6191933, -0.62912035, 0.4699012, 0.5965304, -0.012281355, -0.8024965, 0.51063794, 0.7772108, 0.3676849, 1.618845, -2.474591, 3.987873)

[node name="Popcorn_35" parent="AreaObjetos/Popcorns" unique_id=804805605 instance=ExtResource("popcorn_instance")]
transform = Transform3D(-0.50276357, 0.4545783, -0.7352465, -0.85216165, -0.117882565, 0.5098276, 0.14508384, 0.8828716, 0.44664127, 0.454407, -1.050265, -0.783933)

[node name="Popcorn_36" parent="AreaObjetos/Popcorns" unique_id=867529139 instance=ExtResource("popcorn_instance")]
transform = Transform3D(-0.4724482, -0.15388173, 0.8678209, 0.11347207, 0.96582544, 0.23303492, -0.8740233, 0.20857036, -0.43884125, -0.667471, -2.309958, 1.827444)

[node name="Popcorn_37" parent="AreaObjetos/Popcorns" unique_id=199860362 instance=ExtResource("popcorn_instance")]
transform = Transform3D(-0.9335634, 0.35661003, 0.035896447, -0.035208147, -0.19091596, 0.98097473, 0.35667863, 0.9145383, 0.19078775, -2.978581, -0.237868, 1.098141)

[node name="Popcorn_38" parent="AreaObjetos/Popcorns" unique_id=2059877502 instance=ExtResource("popcorn_instance")]
transform = Transform3D(-0.7616443, -0.6478368, -0.01433322, -0.64711076, 0.7592632, 0.069043346, -0.033846125, 0.06186165, -0.9975107, -1.705595, 0.201548, -0.966053)

[node name="Popcorn_39" parent="AreaObjetos/Popcorns" unique_id=396582695 instance=ExtResource("popcorn_instance")]
transform = Transform3D(-0.80935663, 0.12023133, -0.57487935, 0.5833872, 0.27762577, -0.76327145, 0.06783217, -0.953136, -0.29483968, 3.743853, -1.505724, 1.686669)

[node name="Popcorn_40" parent="AreaObjetos/Popcorns" unique_id=1252488301 instance=ExtResource("popcorn_instance")]
transform = Transform3D(-0.10792824, -0.4344524, 0.89420503, -0.903765, 0.4176202, 0.09382002, -0.41419837, -0.79802537, -0.4377159, -0.179608, -0.899547, -2.981996)

[node name="Popcorn_41" parent="AreaObjetos/Popcorns" unique_id=1451305759 instance=ExtResource("popcorn_instance")]
transform = Transform3D(-0.29885054, 0.82194287, 0.48486942, -0.9314863, -0.14081496, -0.3354168, -0.20741653, -0.5518887, 0.8077111, -3.103374, 3.259957, -0.70202)

[node name="Popcorn_42" parent="AreaObjetos/Popcorns" unique_id=258199346 instance=ExtResource("popcorn_instance")]
transform = Transform3D(-0.96138585, -0.09363979, -0.2587834, 0.25623786, 0.038466554, -0.9658481, 0.100396305, -0.9948628, -0.012987144, -1.599971, -2.007263, 3.575547)

[node name="Popcorn_43" parent="AreaObjetos/Popcorns" unique_id=343036314 instance=ExtResource("popcorn_instance")]
transform = Transform3D(-0.031277448, 0.6975666, 0.7158369, 0.63915414, -0.5366593, 0.5508891, 0.7684424, 0.47476053, -0.42906728, 1.275608, -0.496228, 2.03967)

[node name="Popcorn_44" parent="AreaObjetos/Popcorns" unique_id=1951749548 instance=ExtResource("popcorn_instance")]
transform = Transform3D(-0.59202415, -0.6868757, -0.42155558, -0.5253662, -0.067732565, 0.84817606, -0.61114454, 0.72361183, -0.32076195, -1.205127, 1.490949, 3.654333)

[node name="Popcorn_45" parent="AreaObjetos/Popcorns" unique_id=707394642 instance=ExtResource("popcorn_instance")]
transform = Transform3D(0.87523544, 0.28226334, -0.39279807, -0.36732617, -0.14047389, -0.9194229, -0.31469727, 0.94899654, -0.019265004, 3.303359, 1.963219, -0.31746)

[node name="Popcorn_46" parent="AreaObjetos/Popcorns" unique_id=243868792 instance=ExtResource("popcorn_instance")]
transform = Transform3D(0.092771925, 0.98607403, 0.13802725, 0.98125154, -0.11406409, 0.15535365, 0.16893415, 0.12102701, -0.97816855, 1.829666, -2.99983, -0.874846)

[node name="Popcorn_47" parent="AreaObjetos/Popcorns" unique_id=1482792291 instance=ExtResource("popcorn_instance")]
transform = Transform3D(-0.6647037, -0.7468092, -0.02109706, 0.6673146, -0.60617304, 0.43271872, -0.33594677, 0.27355137, 0.90128213, 3.507439, -0.434775, -3.146302)

[node name="Popcorn_48" parent="AreaObjetos/Popcorns" unique_id=385949852 instance=ExtResource("popcorn_instance")]
transform = Transform3D(0.60567844, -0.7080594, 0.3630503, -0.67457867, -0.21493109, 0.7062211, -0.42201564, -0.6726489, -0.60782087, 1.8617, -0.761825, -3.209752)

[node name="Popcorn_49" parent="AreaObjetos/Popcorns" unique_id=997562160 instance=ExtResource("popcorn_instance")]
transform = Transform3D(0.50345194, 0.36519432, -0.7830512, 0.17803527, -0.9306834, -0.31958076, -0.8454818, 0.021482825, -0.53357184, 3.46868, -1.97279, -3.087519)

[node name="Popcorn_50" parent="AreaObjetos/Popcorns" unique_id=1555635330 instance=ExtResource("popcorn_instance")]
transform = Transform3D(-0.52444804, -0.18024962, -0.83214444, 0.7633581, -0.5324485, -0.3657635, -0.37714535, -0.82704824, 0.41683656, -1.713332, 3.816876, 1.136906)

[node name="Popcorn_51" parent="AreaObjetos/Popcorns" unique_id=157234948 instance=ExtResource("popcorn_instance")]
transform = Transform3D(-0.829879, -0.44672373, 0.3342735, -0.2605867, -0.21942696, -0.94018424, 0.49335122, -0.86734635, 0.065687545, -3.091031, -3.851886, -3.66071)

[node name="Popcorn_52" parent="AreaObjetos/Popcorns" unique_id=1020948191 instance=ExtResource("popcorn_instance")]
transform = Transform3D(0.2607605, -0.6330137, -0.7289016, -0.372384, -0.7625452, 0.52901316, -0.890693, 0.13348557, -0.43456587, -3.54465, -0.185759, 2.177904)

[node name="Popcorn_53" parent="AreaObjetos/Popcorns" unique_id=1874476312 instance=ExtResource("popcorn_instance")]
transform = Transform3D(-0.3353647, -0.9298885, -0.15112218, 0.7996686, -0.36578518, 0.47616312, -0.49805686, 0.03884062, 0.86627406, -3.943273, 3.650217, 3.681361)

[node name="Popcorn_54" parent="AreaObjetos/Popcorns" unique_id=1322280089 instance=ExtResource("popcorn_instance")]
transform = Transform3D(0.6200828, 0.42681968, -0.6582722, -0.17406535, -0.7432983, -0.6459171, -0.76498276, 0.5151045, -0.38661194, -3.239875, -2.41639, -2.799036)

[node name="Popcorn_55" parent="AreaObjetos/Popcorns" unique_id=810054370 instance=ExtResource("popcorn_instance")]
transform = Transform3D(-0.6561016, 0.3544249, 0.66626847, -0.5117776, 0.4398786, -0.7379638, -0.55463, -0.82516044, -0.10721835, 2.707735, -3.381575, 1.191819)

[node name="Popcorn_56" parent="AreaObjetos/Popcorns" unique_id=29672564 instance=ExtResource("popcorn_instance")]
transform = Transform3D(0.024407111, -0.967833, -0.25040707, -0.9703423, -0.08319379, 0.22696815, -0.24049957, 0.23744096, -0.9411598, 0.661573, -2.07824, 2.155658)

[node name="Popcorn_57" parent="AreaObjetos/Popcorns" unique_id=1227887610 instance=ExtResource("popcorn_instance")]
transform = Transform3D(-0.84604716, -0.5294222, -0.062580265, 0.07418249, -0.00066878035, -0.9972445, 0.5279215, -0.8483583, 0.039839678, -2.669123, -0.178079, 0.903374)

[node name="Popcorn_58" parent="AreaObjetos/Popcorns" unique_id=1800112196 instance=ExtResource("popcorn_instance")]
transform = Transform3D(-0.76888484, 0.4993071, 0.3993851, 0.48182476, 0.04185606, 0.8752674, 0.42031053, 0.8654134, -0.27276102, 0.726579, 3.09647, -0.01727)

[node name="Popcorn_59" parent="AreaObjetos/Popcorns" unique_id=929752910 instance=ExtResource("popcorn_instance")]
transform = Transform3D(-0.046844568, -0.122615896, 0.991348, -0.9587986, -0.272865, -0.079056084, 0.2801977, -0.95420647, -0.10478171, -2.60233, -0.916414, 2.362438)

[node name="Popcorn_60" parent="AreaObjetos/Popcorns" unique_id=878674674 instance=ExtResource("popcorn_instance")]
transform = Transform3D(-0.760356, -0.6494662, 0.0072446796, -0.41697907, 0.4966653, 0.7612175, -0.49798322, 0.5757754, -0.6484562, 2.592834, -1.56782, -2.121079)

[node name="Popcorn_61" parent="AreaObjetos/Popcorns" unique_id=1948785145 instance=ExtResource("popcorn_instance")]
transform = Transform3D(-0.6278305, 0.5326141, 0.56758356, -0.3033118, -0.8389829, 0.45178494, 0.71681994, 0.11148955, 0.6882872, 1.247465, -2.108766, -3.734932)

[node name="Popcorn_62" parent="AreaObjetos/Popcorns" unique_id=817714781 instance=ExtResource("popcorn_instance")]
transform = Transform3D(0.31932148, 0.7498203, 0.5794854, -0.55095685, 0.64442533, -0.5302476, -0.7710255, -0.14995202, 0.6188975, -1.490232, -2.327124, -1.361844)

[node name="Popcorn_63" parent="AreaObjetos/Popcorns" unique_id=391074064 instance=ExtResource("popcorn_instance")]
transform = Transform3D(0.711082, -0.02767405, -0.7025643, 0.43010494, -0.7733418, 0.4657814, -0.55621237, -0.6333851, -0.53800666, 3.113762, -0.674955, 3.59499)

[node name="Popcorn_64" parent="AreaObjetos/Popcorns" unique_id=2022045755 instance=ExtResource("popcorn_instance")]
transform = Transform3D(-0.8624785, 0.083391935, 0.49917597, -0.3737931, 0.5599813, -0.73939145, -0.3411885, -0.8242978, -0.4518005, 2.964238, 2.143894, 0.212092)

[node name="Popcorn_65" parent="AreaObjetos/Popcorns" unique_id=381295975 instance=ExtResource("popcorn_instance")]
transform = Transform3D(0.039394557, 0.99791056, 0.051211193, -0.014404262, 0.051812794, -0.9985529, -0.99911994, 0.03859991, 0.016415307, 1.588647, -2.121894, -0.767953)

[node name="Popcorn_66" parent="AreaObjetos/Popcorns" unique_id=1943454951 instance=ExtResource("popcorn_instance")]
transform = Transform3D(-0.5622021, -0.7298882, -0.3888341, 0.598941, -0.68356454, 0.41714397, -0.57026166, 0.0016305149, 0.8214615, -3.901274, 1.42231, 3.281672)

[node name="Popcorn_67" parent="AreaObjetos/Popcorns" unique_id=872025205 instance=ExtResource("popcorn_instance")]
transform = Transform3D(0.9950902, 0.031073064, -0.09396751, -0.09736237, 0.47786438, -0.8730213, 0.01777628, 0.8778838, 0.47854352, 0.25115, 0.79999, -0.446716)

[node name="Popcorn_68" parent="AreaObjetos/Popcorns" unique_id=430531192 instance=ExtResource("popcorn_instance")]
transform = Transform3D(0.22879401, -0.2370744, 0.94416577, 0.50230354, 0.8595549, 0.09410892, -0.83387315, 0.45272627, 0.3157443, 3.746754, 3.779411, -3.376493)

[node name="Popcorn_69" parent="AreaObjetos/Popcorns" unique_id=1368982315 instance=ExtResource("popcorn_instance")]
transform = Transform3D(-0.7891301, -0.42584175, 0.4426426, 0.1373359, 0.5800786, 0.8028996, -0.59867567, 0.69438297, -0.3992741, 3.884412, -1.061217, 3.626729)

[node name="Popcorn_70" parent="AreaObjetos/Popcorns" unique_id=1269809209 instance=ExtResource("popcorn_instance")]
transform = Transform3D(0.66072446, 0.5130159, 0.5479579, 0.59458226, 0.08787788, -0.799218, -0.45816493, 0.8538689, -0.24696709, -2.263324, 3.325048, 0.819396)

[node name="Popcorn_71" parent="AreaObjetos/Popcorns" unique_id=714423629 instance=ExtResource("popcorn_instance")]
transform = Transform3D(0.67964196, -0.73353016, -0.004506253, -0.005227015, 0.0013001366, -0.9999855, 0.7335254, 0.6796556, -0.0029505459, 0.328928, 3.632652, -3.500726)

[node name="Popcorn_72" parent="AreaObjetos/Popcorns" unique_id=1558470781 instance=ExtResource("popcorn_instance")]
transform = Transform3D(-0.8098399, -0.25179535, 0.5298664, -0.53829837, -0.0401322, -0.84179825, 0.23322561, -0.966948, -0.10304038, -1.043381, 3.799624, -3.5936)

[node name="Popcorn_73" parent="AreaObjetos/Popcorns" unique_id=1147679712 instance=ExtResource("popcorn_instance")]
transform = Transform3D(0.99604994, -0.0807619, -0.036905594, 0.07148737, 0.48282737, 0.8727928, -0.05266937, -0.8719835, 0.48669365, 1.924387, 1.434365, -0.568962)

[node name="Popcorn_74" parent="AreaObjetos/Popcorns" unique_id=1354446895 instance=ExtResource("popcorn_instance")]
transform = Transform3D(0.9638092, -0.23261666, 0.13023596, -0.10224377, 0.12863325, 0.98640746, -0.24620748, -0.96402436, 0.1001943, 3.214049, -3.281134, -3.979026)

[node name="Popcorn_75" parent="AreaObjetos/Popcorns" unique_id=978608008 instance=ExtResource("popcorn_instance")]
transform = Transform3D(0.99978507, -0.014252246, -0.015055592, -0.0006410035, 0.7046177, -0.70958686, 0.020721642, 0.709444, 0.7044571, -2.198704, 1.551921, -3.742467)

[node name="Popcorn_76" parent="AreaObjetos/Popcorns" unique_id=1132425890 instance=ExtResource("popcorn_instance")]
transform = Transform3D(0.1711075, 0.11788069, -0.97817504, 0.39499956, -0.9177434, -0.041502625, -0.902606, -0.3792773, -0.20359561, 1.030191, -2.781543, 2.88445)

[node name="Popcorn_77" parent="AreaObjetos/Popcorns" unique_id=833081675 instance=ExtResource("popcorn_instance")]
transform = Transform3D(-0.56024194, 0.7754687, -0.29116523, 0.8185698, 0.5721094, -0.05132544, 0.1267771, -0.26709372, -0.95529497, 3.853664, -1.949835, 2.970451)

[node name="Popcorn_78" parent="AreaObjetos/Popcorns" unique_id=2002048321 instance=ExtResource("popcorn_instance")]
transform = Transform3D(-0.2628976, -0.9136293, 0.31010705, -0.9537212, 0.19746348, -0.22676876, 0.14594777, -0.3553726, -0.92326033, -0.530467, 2.989494, -0.758421)

[node name="Popcorn_79" parent="AreaObjetos/Popcorns" unique_id=1527423398 instance=ExtResource("popcorn_instance")]
transform = Transform3D(-0.4692688, -0.78788924, 0.39876986, 0.8537378, -0.52018976, -0.023119686, 0.22565174, 0.3295955, 0.9167596, 3.885285, 3.442043, 0.896921)

[node name="Popcorn_80" parent="AreaObjetos/Popcorns" unique_id=1629714177 instance=ExtResource("popcorn_instance")]
transform = Transform3D(-0.009074122, -0.99490774, 0.100380756, -0.059120297, -0.099675514, -0.9932621, 0.9982096, -0.014947474, -0.05791477, 2.398345, 0.489279, -0.27481)

[node name="Popcorn_81" parent="AreaObjetos/Popcorns" unique_id=1031397399 instance=ExtResource("popcorn_instance")]
transform = Transform3D(0.24548134, -0.92849135, 0.27864453, -0.61645293, -0.37135172, -0.69432247, 0.7481475, -0.0013280213, -0.6635311, -2.218689, -1.905347, 2.148332)

[node name="Popcorn_82" parent="AreaObjetos/Popcorns" unique_id=770205531 instance=ExtResource("popcorn_instance")]
transform = Transform3D(-0.35768947, -0.050725386, -0.9324619, -0.819451, 0.49590668, 0.28736177, 0.44783753, 0.86689305, -0.21894754, -2.146073, -3.082426, -1.465874)

[node name="Popcorn_83" parent="AreaObjetos/Popcorns" unique_id=1942427026 instance=ExtResource("popcorn_instance")]
transform = Transform3D(0.1787191, -0.98265034, -0.04957755, 0.027498376, -0.045380563, 0.99859124, -0.98351586, -0.17983061, 0.018910915, 2.201816, 1.679108, 0.900552)

[node name="Popcorn_84" parent="AreaObjetos/Popcorns" unique_id=521338339 instance=ExtResource("popcorn_instance")]
transform = Transform3D(0.04228016, -0.48235944, -0.8749524, -0.9859693, 0.12139902, -0.11457185, 0.16148318, 0.8675204, -0.47045884, 2.227261, 2.111791, -2.026754)

[node name="Popcorn_85" parent="AreaObjetos/Popcorns" unique_id=1973468274 instance=ExtResource("popcorn_instance")]
transform = Transform3D(-0.59846187, -0.42685413, 0.6779667, -0.22097121, 0.90136236, 0.3724481, -0.7700747, 0.073084846, -0.6337535, -2.30518, -3.436483, -1.04003)

[node name="Popcorn_86" parent="AreaObjetos/Popcorns" unique_id=1940619705 instance=ExtResource("popcorn_instance")]
transform = Transform3D(0.9437352, 0.10244787, 0.31443328, -0.33026326, 0.34093517, 0.8801644, -0.017030448, -0.9344878, 0.35558727, -3.481973, -2.729241, -2.101931)

[node name="Popcorn_87" parent="AreaObjetos/Popcorns" unique_id=1017259013 instance=ExtResource("popcorn_instance")]
transform = Transform3D(-0.88484836, 0.24888909, -0.3938243, -0.32847843, -0.93275744, 0.14854454, -0.33037144, 0.26080215, 0.9071036, -1.71715, -1.438577, -2.9606)

[node name="Popcorn_88" parent="AreaObjetos/Popcorns" unique_id=1202109978 instance=ExtResource("popcorn_instance")]
transform = Transform3D(0.84251577, 0.005240649, -0.53864616, 0.30418244, -0.8298927, 0.46770838, -0.44456744, -0.5578984, -0.70079184, 0.643537, 0.685357, -2.583857)

[node name="Popcorn_89" parent="AreaObjetos/Popcorns" unique_id=68710535 instance=ExtResource("popcorn_instance")]
transform = Transform3D(-0.74712455, -0.27902043, -0.6032848, -0.15521422, 0.9557701, -0.24982405, 0.6463076, -0.09301129, -0.7573872, 0.851129, 1.729946, -2.060688)

[node name="Popcorn_90" parent="AreaObjetos/Popcorns" unique_id=323676333 instance=ExtResource("popcorn_instance")]
transform = Transform3D(0.11159186, -0.09397051, 0.98930115, 0.47926453, -0.8670044, -0.13641433, 0.8705474, 0.48935968, -0.051713906, -0.657212, 3.435335, -0.286052)

[node name="Popcorn_91" parent="AreaObjetos/Popcorns" unique_id=757804226 instance=ExtResource("popcorn_instance")]
transform = Transform3D(-0.89897674, 0.3337842, 0.28360012, 0.43364257, 0.76934296, 0.46911147, -0.061603785, 0.54470134, -0.8363644, -0.575149, 3.00379, -1.532367)

[node name="Popcorn_92" parent="AreaObjetos/Popcorns" unique_id=1131463418 instance=ExtResource("popcorn_instance")]
transform = Transform3D(-0.3149579, -0.42344105, 0.849411, 0.9427686, -0.0363322, 0.33146247, -0.10949385, 0.90519476, 0.41065004, 3.119505, -2.236379, 1.525577)

[node name="Popcorn_93" parent="AreaObjetos/Popcorns" unique_id=1812652770 instance=ExtResource("popcorn_instance")]
transform = Transform3D(-0.22353694, 0.9742794, -0.028477255, 0.036322452, -0.020869628, -0.9991222, -0.97401845, -0.22437504, -0.030723084, -2.194754, -1.694374, -3.629508)

[node name="Popcorn_94" parent="AreaObjetos/Popcorns" unique_id=2001208114 instance=ExtResource("popcorn_instance")]
transform = Transform3D(-0.29527414, -0.83530825, -0.4637599, 0.6797965, -0.52475834, 0.51235276, -0.6713344, -0.16397786, 0.72278726, -1.488385, 1.79759, 1.673612)

[node name="Popcorn_95" parent="AreaObjetos/Popcorns" unique_id=1276138297 instance=ExtResource("popcorn_instance")]
transform = Transform3D(0.02687467, -0.99931437, -0.025467409, 0.69086576, 0.036980547, -0.7220367, 0.7224834, 0.0018099397, 0.6913859, 3.491892, -3.634338, -2.864906)

[node name="Popcorn_96" parent="AreaObjetos/Popcorns" unique_id=445091111 instance=ExtResource("popcorn_instance")]
transform = Transform3D(0.1951008, 0.9807678, -0.005489853, 0.033450916, -0.0010599081, 0.9994398, 0.9802125, -0.19517514, -0.033014372, -3.092758, 2.330445, 2.047127)

[node name="Popcorn_97" parent="AreaObjetos/Popcorns" unique_id=638743322 instance=ExtResource("popcorn_instance")]
transform = Transform3D(0.012729406, -0.9678408, 0.25124082, 0.16617948, 0.24981463, 0.95392716, -0.9860133, 0.02960819, 0.16401528, -1.401753, 2.880315, -3.328913)

[node name="Popcorn_98" parent="AreaObjetos/Popcorns" unique_id=835044320 instance=ExtResource("popcorn_instance")]
transform = Transform3D(-0.1403361, -0.119009346, 0.98292553, -0.488719, -0.85505533, -0.17330356, 0.86108047, -0.5046951, 0.061832998, -3.933238, 3.21157, 3.803567)

[node name="Popcorn_99" parent="AreaObjetos/Popcorns" unique_id=2115072155 instance=ExtResource("popcorn_instance")]
transform = Transform3D(0.41614014, 0.7521237, -0.51101595, 0.7781142, -0.58533573, -0.22786045, -0.47049516, -0.30280694, -0.8288198, -2.100014, 0.358176, 2.446517)

[node name="Popcorn_100" parent="AreaObjetos/Popcorns" unique_id=342722677 instance=ExtResource("popcorn_instance")]
transform = Transform3D(-0.8737844, 0.47881085, 0.085094236, 0.0031981615, -0.1693167, 0.9855565, 0.48630303, 0.86143607, 0.14641498, -0.326594, -2.967133, 2.507811)

[node name="Popcorn_101" parent="AreaObjetos/Popcorns" unique_id=515551828 instance=ExtResource("popcorn_instance")]
transform = Transform3D(-0.33642685, -0.09224777, -0.9371805, 0.6442322, 0.70332646, -0.3004942, 0.6868638, -0.7048562, -0.1771889, 1.518351, -1.766178, 1.115836)

[node name="Popcorn_102" parent="AreaObjetos/Popcorns" unique_id=1296499288 instance=ExtResource("popcorn_instance")]
transform = Transform3D(-0.44068968, 0.8969159, 0.03652991, 0.10775956, 0.012458447, 0.9940989, 0.891168, 0.4420256, -0.10214157, 0.374275, 0.751738, 1.46968)

[node name="Popcorn_103" parent="AreaObjetos/Popcorns" unique_id=942062876 instance=ExtResource("popcorn_instance")]
transform = Transform3D(0.5319265, 0.8466929, 0.012857157, -0.009458005, -0.009241921, 0.99991256, 0.8467377, -0.5320016, 0.0030920035, 0.086125, 2.156611, 3.786685)

[node name="Popcorn_104" parent="AreaObjetos/Popcorns" unique_id=85101656 instance=ExtResource("popcorn_instance")]
transform = Transform3D(0.46423066, 0.88191044, 0.08199979, 0.12407725, 0.026914015, -0.9919075, -0.8769804, 0.47064817, -0.09693071, 2.26457, -2.188705, 2.352419)

[node name="Popcorn_105" parent="AreaObjetos/Popcorns" unique_id=1507826675 instance=ExtResource("popcorn_instance")]
transform = Transform3D(-0.7186133, -0.5377579, -0.44092113, -0.18344854, -0.46499217, 0.86609983, -0.67077684, 0.70327723, 0.23549867, 0.18371, -3.052111, 2.913259)

[node name="Popcorn_106" parent="AreaObjetos/Popcorns" unique_id=1455620082 instance=ExtResource("popcorn_instance")]
transform = Transform3D(-0.6954285, 0.14990616, -0.70278543, -0.27111748, 0.85098636, 0.44979718, 0.66548824, 0.5033392, -0.551158, 2.412298, -1.952632, -0.748083)

[node name="Popcorn_107" parent="AreaObjetos/Popcorns" unique_id=2077955467 instance=ExtResource("popcorn_instance")]
transform = Transform3D(-0.21830434, -0.956136, 0.19531296, -0.26484638, -0.13458134, -0.954853, 0.9392549, -0.2601765, -0.22384946, -0.752661, -0.816972, 2.053523)

[node name="Popcorn_108" parent="AreaObjetos/Popcorns" unique_id=753192675 instance=ExtResource("popcorn_instance")]
transform = Transform3D(0.07003087, -0.16725631, 0.9834231, 0.78809005, 0.61366606, 0.048248712, -0.61156327, 0.7716471, 0.17478861, -3.488544, 0.69336, -2.253491)

[node name="Popcorn_109" parent="AreaObjetos/Popcorns" unique_id=1749095209 instance=ExtResource("popcorn_instance")]
transform = Transform3D(-0.92355335, 0.22631738, -0.30956352, 0.36785218, 0.2948277, -0.8819078, -0.10832316, -0.92836255, -0.35554048, -1.765167, -1.290143, 1.231881)

[node name="Popcorn_110" parent="AreaObjetos/Popcorns" unique_id=242806857 instance=ExtResource("popcorn_instance")]
transform = Transform3D(-0.07660437, 0.87619936, 0.4758217, 0.82171863, -0.2148129, 0.5278578, 0.56472135, 0.4314278, -0.7035338, -2.675046, -2.414469, 3.590778)

[node name="Popcorn_111" parent="AreaObjetos/Popcorns" unique_id=890542715 instance=ExtResource("popcorn_instance")]
transform = Transform3D(0.94636464, -0.3213225, -0.033851206, -0.09048622, -0.36415362, 0.92693275, -0.31017143, -0.8741533, -0.37369737, -2.506488, -2.247738, -1.296459)

[node name="Popcorn_112" parent="AreaObjetos/Popcorns" unique_id=325255561 instance=ExtResource("popcorn_instance")]
transform = Transform3D(0.15295313, 0.27161857, -0.95017296, 0.9467319, 0.23543556, 0.21970136, 0.2833795, -0.9331631, -0.2211394, 3.182318, 0.83053, -0.457768)

[node name="Popcorn_113" parent="AreaObjetos/Popcorns" unique_id=1241792110 instance=ExtResource("popcorn_instance")]
transform = Transform3D(-0.6584799, 0.61816955, 0.42926753, 0.6843829, 0.7291228, -0.000161, -0.31308827, 0.29367733, -0.9031774, -0.158598, -2.978951, -2.24807)

[node name="Popcorn_114" parent="AreaObjetos/Popcorns" unique_id=1734435970 instance=ExtResource("popcorn_instance")]
transform = Transform3D(0.3301946, 0.9077004, -0.25894317, -0.3801679, -0.12320935, -0.9166743, -0.86396986, 0.4011228, 0.30439547, 3.175459, 2.676382, 3.431498)

[node name="Popcorn_115" parent="AreaObjetos/Popcorns" unique_id=1472516100 instance=ExtResource("popcorn_instance")]
transform = Transform3D(0.018995404, 0.98837435, 0.15084891, 0.36142653, -0.14746125, 0.9206661, 0.9322071, 0.037032366, -0.36002576, 2.333218, 0.273644, 1.709909)

[node name="Popcorn_116" parent="AreaObjetos/Popcorns" unique_id=1620028784 instance=ExtResource("popcorn_instance")]
transform = Transform3D(-0.77633333, 0.6170358, 0.12873745, 0.19589919, 0.43031836, -0.8811638, -0.5991077, -0.6588572, -0.45494732, -1.480494, -2.187737, 0.70322)

[node name="Popcorn_117" parent="AreaObjetos/Popcorns" unique_id=338021283 instance=ExtResource("popcorn_instance")]
transform = Transform3D(0.320421, -0.94617903, 0.045560002, 0.9058306, 0.32011822, 0.27748007, -0.2771304, -0.04764079, 0.9596505, -3.50369, 0.704891, 2.107634)

[node name="Popcorn_118" parent="AreaObjetos/Popcorns" unique_id=1786714891 instance=ExtResource("popcorn_instance")]
transform = Transform3D(-0.39561558, 0.8517561, 0.34351134, -0.15000983, -0.42893076, 0.8907949, 0.90608245, 0.30088225, 0.29746345, -0.847698, -1.668141, -3.17022)

[node name="Popcorn_119" parent="AreaObjetos/Popcorns" unique_id=1739302516 instance=ExtResource("popcorn_instance")]
transform = Transform3D(-0.15787458, -0.9847456, -0.07315524, -0.46684775, 0.1397161, -0.8732311, 0.8701315, -0.103708625, -0.4817839, 2.60711, 1.507594, 2.247267)

[node name="Popcorn_120" parent="AreaObjetos/Popcorns" unique_id=605913638 instance=ExtResource("popcorn_instance")]
transform = Transform3D(-0.34581387, -0.6536108, 0.6732055, -0.88770753, 0.46031818, -0.009079875, -0.30395404, -0.60074955, -0.7393997, -1.656821, -3.933727, -3.016683)

[node name="Popcorn_121" parent="AreaObjetos/Popcorns" unique_id=1736369796 instance=ExtResource("popcorn_instance")]
transform = Transform3D(-0.9668374, -0.21792561, 0.1331685, 0.0724345, 0.2660288, 0.9612398, -0.24490541, 0.9390086, -0.24142124, -2.358661, 0.502283, 3.231428)

[node name="Popcorn_122" parent="AreaObjetos/Popcorns" unique_id=1059470083 instance=ExtResource("popcorn_instance")]
transform = Transform3D(-0.16035222, -0.9831981, -0.08722759, -0.42597768, -0.010786896, 0.90466934, -0.8904101, 0.18222274, -0.41709074, 3.589171, 1.00483, 3.091019)

[node name="Popcorn_123" parent="AreaObjetos/Popcorns" unique_id=588329554 instance=ExtResource("popcorn_instance")]
transform = Transform3D(-0.61079454, 0.60735226, -0.50798947, 0.095044896, -0.5806926, -0.80855584, -0.7860639, -0.5421433, 0.29695815, 3.546318, 1.009994, 3.55167)

[node name="Popcorn_124" parent="AreaObjetos/Popcorns" unique_id=361537368 instance=ExtResource("popcorn_instance")]
transform = Transform3D(-0.08047579, 0.9856447, -0.14841862, -0.46356702, -0.16882831, -0.86982906, -0.8823997, -0.0011982024, 0.470499, -0.821798, 0.797377, -0.820405)

[node name="Popcorn_125" parent="AreaObjetos/Popcorns" unique_id=1251547943 instance=ExtResource("popcorn_instance")]
transform = Transform3D(0.07104339, 0.4483147, -0.89104813, -0.03311974, -0.89175254, -0.45130977, -0.9969232, 0.06157386, -0.048505057, -0.322458, 1.385128, 3.323883)

[node name="Popcorn_126" parent="AreaObjetos/Popcorns" unique_id=1441302440 instance=ExtResource("popcorn_instance")]
transform = Transform3D(-0.9833435, 0.17722774, -0.04032437, 0.033373773, -0.04202719, -0.99855894, -0.17866701, -0.9832722, 0.035412405, -0.04574, -1.449848, -0.059354)

[node name="Popcorn_127" parent="AreaObjetos/Popcorns" unique_id=801243968 instance=ExtResource("popcorn_instance")]
transform = Transform3D(0.6465185, -0.5127004, -0.5649355, 0.15738937, 0.81421906, -0.5588165, 0.7464867, 0.27237034, 0.6071013, -1.6703, 3.905267, -1.552165)

[node name="Popcorn_128" parent="AreaObjetos/Popcorns" unique_id=1583397333 instance=ExtResource("popcorn_instance")]
transform = Transform3D(-0.11486203, 0.7283159, -0.67554617, -0.9253863, 0.16882202, 0.33935136, 0.36120206, 0.6641197, 0.6545823, 0.563835, 3.497811, -2.926655)

[node name="Popcorn_129" parent="AreaObjetos/Popcorns" unique_id=1366353962 instance=ExtResource("popcorn_instance")]
transform = Transform3D(0.65125495, 0.715567, -0.25264785, -0.7552714, 0.6435338, -0.124215, 0.0737033, 0.27171332, 0.9595518, 3.273698, 1.99589, 0.993896)

[node name="Popcorn_130" parent="AreaObjetos/Popcorns" unique_id=948777947 instance=ExtResource("popcorn_instance")]
transform = Transform3D(0.63944113, 0.0738565, -0.7652845, 0.76124585, 0.07873705, 0.64366543, 0.10779512, -0.9941558, -0.005875255, -3.756741, 0.747892, 1.350588)

[node name="Popcorn_131" parent="AreaObjetos/Popcorns" unique_id=1337809572 instance=ExtResource("popcorn_instance")]
transform = Transform3D(-0.9083579, -0.32914338, 0.2579738, 0.05994011, -0.71297914, -0.6986186, 0.41387564, -0.6191328, 0.6673691, -2.355688, -3.273262, 1.811381)

[node name="Popcorn_132" parent="AreaObjetos/Popcorns" unique_id=606915424 instance=ExtResource("popcorn_instance")]
transform = Transform3D(-0.8697165, -0.032741845, 0.49246427, -0.38125733, 0.6782125, -0.6282281, -0.3134261, -0.73413604, -0.6023357, -2.355217, 2.544927, -0.709401)

[node name="Popcorn_133" parent="AreaObjetos/Popcorns" unique_id=1468350287 instance=ExtResource("popcorn_instance")]
transform = Transform3D(0.13644385, 0.9905889, -0.0108016655, -0.844651, 0.11063111, -0.523761, -0.5176368, 0.0805876, 0.8517968, -3.866841, 1.943067, -1.174488)

[node name="Popcorn_134" parent="AreaObjetos/Popcorns" unique_id=479029169 instance=ExtResource("popcorn_instance")]
transform = Transform3D(0.9213728, -0.38750932, 0.030144377, -0.053382717, -0.04934272, 0.99735427, -0.38499665, -0.92054427, -0.06614935, 1.664942, 1.079892, -0.809608)

[node name="Popcorn_135" parent="AreaObjetos/Popcorns" unique_id=1805860582 instance=ExtResource("popcorn_instance")]
transform = Transform3D(0.82400846, -0.5079302, 0.25103188, 0.54294354, 0.58126676, -0.60608685, 0.16193335, 0.63571686, 0.75474614, 0.315416, 2.439558, 3.664447)

[node name="Popcorn_136" parent="AreaObjetos/Popcorns" unique_id=483961531 instance=ExtResource("popcorn_instance")]
